0 0.19938551099611906 0.11578266494178525 0.07470892626131956 0.09961190168175937
0 0.40604786545924976 0.11772315653298836 0.065006468305304 0.09055627425614489
0 0.697121604139716 0.29883570504527823 0.06112548512289719 0.08538163001293661
0 0.7422380336351877 0.5459249676584734 0.07567917205692097 0.08796895213454078
0 0.58117723156533 0.5834411384217335 0.06791720569210867 0.093143596377749
0 0.3740297542043985 0.6287192755498059 0.0805304010349289 0.10349288486416547
0 0.5258732212160414 0.777490297542044 0.06403622250970244 0.093143596377749
3 0.2736093143596378 0.1410090556274256 0.04851228978007761 0.07503234152652004
3 0.4768758085381631 0.03428201811125485 0.05724450194049155 0.0685640362225097
3 0.5244178525226392 0.1558861578266494 0.04172056921086678 0.06856403622250971
3 0.5239327296248384 0.5420439844760673 0.0465717981888745 0.08279430789133244
3 0.4739650711513584 0.6093143596377749 0.03978007761966367 0.06468305304010351
3 0.30320181112548517 0.5692108667529108 0.05336351875808546 0.07244501940491588
3 0.47056921086675296 0.7542043984476067 0.04269081500646834 0.06985769728331163
2 0.3463777490297542 0.1461836998706339 0.06209573091849936 0.08796895213454076
2 0.7417529107373869 0.47412677878395854 0.0669469598965071 0.07632600258732218
2 0.46814359637774916 0.5129366106080208 0.049482535575679165 0.09184993531694702
0 0.44243208279430796 0.5433376455368694 0.0582147477360931 0.09055627425614489
1 0.5195666235446313 0.6772315653298836 0.049482535575679165 0.073738680465718
1 0.6723803363518761 0.630012936610608 0.05627425614489013 0.08020698576972833
3 0.7422380336351877 0.6047865459249677 0.05045278137128065 0.060802069857697344
2 0.4186610608020699 0.6921086675291073 0.061125485122897845 0.06985769728331163
1 0.5836028460543339 0.2069857697283312 0.0436610608020699 0.07503234152652005
2 0.6554010349288493 0.25291073738680464 0.06112548512289742 0.08926261319534284
1 0.407503234152652 0.0407503234152652 0.05821474773609317 0.06856403622250971
2 0.2149094437257439 0.04721862871927555 0.06888745148771026 0.07632600258732213
