2 0.45456015523932736 0.4359637774902976 0.15426908150064692 0.16041397153945666
0 0.522477360931436 0.24126778783958602 0.15232858990944373 0.20051746442432083
0 0.6185316946959898 0.5620957309184993 0.14844760672703763 0.17205692108667528
0 0.9110608020698578 0.6144890038809832 0.1746442432082796 0.19663648124191455
0 0.7107050452781373 0.2846054333764554 0.08441138421733513 0.12677878395860284
2 0.7014877102199225 0.18628719275549804 0.0873221216041398 0.08796895213454071
2 0.6364812419146184 0.8499353169469599 0.09120310478654595 0.09314359637774886
2 0.706824062095731 0.43855109961190164 0.14456662354463126 0.16558861578266487
1 0.5588615782664942 0.062095730918499355 0.1338939197930143 0.11125485122897802
1 0.8014230271668823 0.36157826649417857 0.1338939197930142 0.17464424320827943
3 0.7267141009055629 0.35834411384217335 0.06791720569210875 0.08279430789133262
1 0.429333764553687 0.6520051746442432 0.12128072445019406 0.12677878395860284
3 0.4031371280724451 0.793014230271669 0.1135187580853816 0.13712807244501946
3 0.6262936610608021 0.7360931435963778 0.10963777490297552 0.1397153945666234
3 0.5491591203104788 0.6636481241914619 0.06985769728331177 0.0776196636481243
3 0.8533311772315655 0.7102199223803365 0.1251617076326002 0.1345407503234152
3 0.9380659767141007 0.30206985769728334 0.12386804657179834 0.15135834411384216
1 0.7432082794307893 0.7839586028460543 0.14941785252263912 0.16300129366106064
1 0.5171410090556275 0.5485122897800776 0.06209573091849933 0.06985769728331177
