0 0.21539456662354467 0.5659767141009056 0.22897800776196647 0.23673997412677886
0 0.6539456662354465 0.7464424320827944 0.19210866752910738 0.25873221216041403
0 0.7475743855109966 0.186934023285899 0.20472186287192776 0.25743855109961183
3 0.2697283311772316 0.35058214747736094 0.14747736093143593 0.16817593790426913
3 0.5976714100905564 0.3473479948253558 0.1144890038809831 0.15912031047865458
3 0.7339909443725745 0.5051746442432082 0.12710219922380334 0.1798188874514878
2 0.32988357050452793 0.6804657179818885 0.15912031047865458 0.20957309184993586
2 0.809670116429495 0.3182406209573088 0.1775549805950843 0.1759379042690814
2 0.39100905562742566 0.12677878395860284 0.16106080206985773 0.2276843467011643
1 0.4458279430789131 0.5245795601552391 0.12128072445019404 0.17205692108667534
