1 0.643272962483829 0.3712807244501943 0.09508408796895207 0.16041397153945675
1 0.7645536869340234 0.4721862871927551 0.11060802069857732 0.17335058214747726
1 0.2139391979301423 0.6888745148771023 0.1232212160413971 0.18499353169469604
3 0.22218628719275554 0.5595084087968952 0.11836998706338939 0.12807244501940487
3 0.3662677878395861 0.7567917205692108 0.12904269081500655 0.14489003880983176
3 0.7558214747736094 0.6468305304010349 0.12031047865459257 0.1630012936610607
2 0.7369016817593793 0.2917205692108668 0.1348641655886158 0.19016817593790422
0 0.5685640362225098 0.2024579560155239 0.13001293661060814 0.21086675291073737
2 0.4254527813712808 0.148124191461837 0.1135187580853816 0.21345407503234154
2 0.5991267787839587 0.5633893919793015 0.11157826649417842 0.18240620957309184
0 0.5064683053040104 0.7309184993531694 0.1552393272962484 0.22509702457956016
0 0.7087645536869341 0.7981888745148771 0.1465071151358344 0.17335058214747734
1 0.31872574385511 0.31241914618369987 0.10769728331177233 0.13842173350582143
0 0.411869340232859 0.5336351875808538 0.13486416558861586 0.19016817593790436
