1 0.5768111254851229 0.21862871927554983 0.04560155239327301 0.0750323415265201
1 0.6296895213454076 0.4327296248382923 0.09896507115135826 0.12548512289780084
1 0.8227684346701164 0.6591203104786545 0.12031047865459257 0.15135834411384216
1 0.46232212160413977 0.7296248382923675 0.10381630012936618 0.11901681759379044
1 0.2503234152652006 0.4469598965071151 0.11836998706338946 0.12807244501940496
0 0.3488033635187581 0.2477360931435964 0.12322121604139717 0.17981888745148772
0 0.43321474773609325 0.4560155239327296 0.10381630012936618 0.1694695989650711
3 0.5103492884864167 0.4398447606727038 0.08150064683053039 0.15782664941785243
3 0.6942108667529109 0.501293661060802 0.08441138421733513 0.13065976714100905
3 0.6335705045278138 0.4851228978007762 0.05045278137128079 0.05692108667529105
3 0.8722509702457957 0.5620957309184993 0.10090556274256159 0.12289780077619661
0 0.8004527813712808 0.4463130659767141 0.130012936610608 0.18369987063389387
2 0.616106080206986 0.2820181112548511 0.06403622250970217 0.09055627425614482
2 0.21684993531694702 0.682406209573092 0.11934023285899102 0.1642949547218629
3 0.3536545924967659 0.7166882276843467 0.09799482535575678 0.12419146183699865
3 0.42496765847348 0.6591203104786545 0.06209573091849933 0.08926261319534284
3 0.58748382923674 0.8667529107373868 0.05918499353169466 0.07503234152651998
0 0.669954721862872 0.6461836998706338 0.13098318240620963 0.17205692108667528
2 0.5714747736093144 0.6824062095730917 0.13001293661060792 0.12807244501940482
2 0.748059508408797 0.8020698576972833 0.16300129366106092 0.15265200517464422
0 0.6170763260025874 0.7897800776196636 0.07956015523932741 0.12807244501940487
2 0.31630012936610613 0.4961190168175938 0.11836998706338943 0.13324708926261308
3 0.2498382923673998 0.2833117723156533 0.0979948253557568 0.1138421733505821
