0 0.5195666235446315 0.6895213454075032 0.16397153945666246 0.1966364812419146
1 0.771830530401035 0.5983182406209573 0.15232858990944378 0.2108667529107374
2 0.8057891332470893 0.37710219922380334 0.18143596377749036 0.18240620957309184
0 0.79366106080207 0.1623544631306598 0.2270375161707632 0.2289780077619664
0 0.5641979301423028 0.2529107373868047 0.1620310478654593 0.203104786545925
3 0.4521345407503235 0.4010349288486416 0.11836998706338946 0.14230271668822767
1 0.2799159120310479 0.4728331177231565 0.138745148771022 0.17981888745148766
3 0.20957309184993533 0.3745148771021992 0.13001293661060806 0.13065976714100902
1 0.19210866752910746 0.07632600258732213 0.17076326002587325 0.15265200517464425
0 0.3769404915912032 0.15847347994825353 0.17367399741267792 0.22380336351875804
2 0.1368046571798189 0.463130659767141 0.1513583441138422 0.16558861578266487
