1 0.42302716688227693 0.5614489003880984 0.1824062095730919 0.21216041397153937
2 0.6427878395860285 0.463130659767141 0.22606727037516167 0.25873221216041403
0 0.8285899094437258 0.3311772315653299 0.2503234152652006 0.2897800776196637
3 0.8523609314359639 0.08602846054333765 0.18531694695989642 0.17205692108667528
3 0.6733505821474774 0.2761966364812419 0.08344113842173356 0.10478654592496764
3 0.6471539456662356 0.8253557567917206 0.06985769728331186 0.0957309184993531
0 0.6879042690815007 0.7231565329883571 0.09896507115135833 0.12419146183699865
2 0.3745148771021993 0.7645536869340234 0.09702457956015521 0.1138421733505821
0 0.379366106080207 0.6558861578266493 0.11448900388098317 0.11642949547218634
3 0.20423673997412684 0.5498059508408797 0.19307891332470897 0.2018111254851229
0 0.6515200517464425 0.14553686934023286 0.10381630012936612 0.1410090556274256
