0 0.309993531694696 0.4327296248382924 0.1639715394566624 0.19016817593790436
0 0.7698900388098319 0.10672703751617077 0.21442432082794313 0.20310478654592498
0 0.6883893919793015 0.5705045278137129 0.15232858990944373 0.21474773609314368
3 0.34152652005174644 0.23479948253557567 0.12807244501940496 0.1332470892626132
3 0.6379366106080208 0.23221216041397155 0.0902328589909444 0.1461836998706339
2 0.758247089262613 0.37063389391979285 0.10963777490297559 0.16170763260025872
2 0.3958602846054334 0.5232858990944373 0.1377749029754205 0.17981888745148752
2 0.6427878395860286 0.7166882276843467 0.1445666235446314 0.2018111254851229
2 0.8315006468305305 0.19922380336351878 0.18628719275549813 0.17076326002587322
2 0.45698576972833116 0.06791720569210867 0.13001293661060817 0.13583441138421734
1 0.4996765847347996 0.3835705045278137 0.11060802069857693 0.14359637774902978
