0 0.32503234152652005 0.3473479948253558 0.04657179818887453 0.07115135834411383
0 0.39003880983182415 0.4042690815006468 0.04075032341526523 0.06338939197930138
0 0.4123544631306599 0.5129366106080208 0.03880983182406211 0.06338939197930145
0 0.48415265200517466 0.351228978007762 0.04075032341526516 0.05304010349288482
0 0.5564359637774904 0.3654592496765848 0.04366106080206983 0.060802069857697275
0 0.47784605433376454 0.258732212160414 0.049482535575679165 0.06468305304010351
2 0.4817270375161708 0.21021992238033638 0.035899094437257376 0.060802069857697275
2 0.5059831824062097 0.3020698576972833 0.05724450194049162 0.060802069857697275
2 0.5084087968952136 0.5304010349288487 0.031047865459249736 0.0698576972833117
0 0.4734799482535577 0.5071151358344114 0.025226390685640396 0.056921086675291124
3 0.4419469598965072 0.47736093143596375 0.02425614489003877 0.04915912031047867
3 0.42254204398447615 0.44954721862871927 0.033958602846054335 0.04269081500646834
3 0.3769404915912032 0.519404915912031 0.028137128072444995 0.040103492884864166
3 0.47445019404915917 0.3997412677878395 0.036869340232859 0.0491591203104786
3 0.5705045278137129 0.3130659767141009 0.029107373868046692 0.04398447606727039
1 0.5355756791720571 0.2852522639068564 0.046571798188874566 0.04527813712807241
1 0.31630012936610613 0.2943078913324709 0.03492884864165589 0.05045278137128076
1 0.34589262613195343 0.30530401034928845 0.04172056921086671 0.036222509702457974
1 0.5384864165588616 0.5297542043984476 0.04075032341526523 0.03492884864165575
1 0.35753557567917194 0.4728331177231564 0.035899094437257625 0.0504527813712807
2 0.340556274256145 0.4139715394566623 0.04657179818887453 0.051746442432082776
2 0.4041073738680466 0.35963777490297544 0.03978007761966367 0.062095730918499396
1 0.42011642949547223 0.3117723156532988 0.03880983182406211 0.04139715394566622
0 0.4002263906856405 0.22509702457956016 0.05724450194049162 0.07244501940491592
