0 0.539941785252264 0.22833117723156535 0.047542043984476125 0.07891332470892629
0 0.29738033635187583 0.23738680465717985 0.0669469598965071 0.07891332470892629
0 0.2183053040103493 0.3318240620957309 0.06791720569210867 0.07115135834411383
0 0.4181759379042691 0.3421733505821475 0.06403622250970244 0.07632600258732214
0 0.702457956015524 0.516817593790427 0.05627425614488999 0.09702457956015528
0 0.7490297542043985 0.7503234152652005 0.06403622250970244 0.08538163001293668
0 0.5821474773609314 0.8046571798188874 0.06015523932729629 0.1060802069857698
0 0.4497089262613196 0.7529107373868047 0.0553040103492885 0.07503234152651998
0 0.3677231565329885 0.8441138421733505 0.05821474773609317 0.09184993531694687
3 0.26390685640362227 0.24191461836998707 0.044631306597671457 0.06468305304010351
3 0.48657826649417857 0.24708926261319533 0.03395860284605426 0.06209573091849933
3 0.5307244501940492 0.3796895213454075 0.031047865459249663 0.06338939197930145
3 0.2891332470892627 0.3641655886157827 0.05433376455368691 0.07115135834411383
3 0.7417529107373868 0.8182406209573091 0.037839586028460416 0.07632600258732211
3 0.5297542043984478 0.7626131953428202 0.04269081500646834 0.07632600258732211
3 0.48706338939197935 0.8201811125485123 0.05433376455368695 0.06727037516170753
3 0.31193402328589914 0.8053040103492884 0.047542043984476055 0.06338939197930145
2 0.22121604139715398 0.258732212160414 0.050452781371280724 0.08538163001293661
2 0.35850582147477367 0.24191461836998707 0.05918499353169473 0.07503234152652005
2 0.3502587322121605 0.3654592496765847 0.05627425614488999 0.08408796895213456
2 0.6602522639068564 0.45860284605433377 0.049482535575679096 0.10219922380336356
2 0.7548512289780078 0.6901681759379042 0.09508408796895211 0.07891332470892622
2 0.6258085381630014 0.8311772315653301 0.06403622250970244 0.06597671410090569
2 0.48172703751617085 0.7218628719275546 0.04560155239327299 0.09055627425614485
