0 0.7446636481241916 0.463130659767141 0.15038809831824068 0.14489003880983184
0 0.5627425614489004 0.4320827943078913 0.07373868046571794 0.07503234152652005
0 0.2726390685640363 0.556921086675291 0.17076326002587325 0.13324708926261322
0 0.42884864165588626 0.7108667529107373 0.12807244501940496 0.13324708926261322
0 0.6820827943078914 0.7328589909443727 0.12613195342820177 0.15394566623544634
2 0.5253880983182406 0.3531694695989651 0.07082794307891334 0.062095730918499396
1 0.46523285899094446 0.30918499353169465 0.0669469598965071 0.06209573091849933
3 0.8397477360931437 0.5213454075032341 0.1232212160413971 0.11901681759379037
3 0.6020375161707634 0.5122897800776197 0.0669469598965071 0.07503234152652005
3 0.6568564036222512 0.5808538163001293 0.09702457956015521 0.1138421733505821
1 0.5612871927554981 0.5452781371280725 0.11157826649417857 0.1177231565329884
1 0.8213130659767143 0.6358344113842174 0.15232858990944365 0.1177231565329884
2 0.8154915912031049 0.8130659767141009 0.1406856403622251 0.1539456662354462
2 0.6078589909443727 0.8221216041397155 0.12322121604139717 0.13065976714100913
3 0.4734799482535576 0.8072445019404916 0.08150064683053046 0.07761966364812409
2 0.3260025873221216 0.801423027166882 0.13001293661060803 0.12031047865459257
1 0.23285899094437262 0.778783958602846 0.11836998706338939 0.1086675291073739
3 0.1964747736093144 0.6455368693402329 0.10381630012936613 0.13712807244501937
