0 0.6791720569210868 0.08926261319534284 0.07179818887451489 0.08538163001293662
2 0.7301099611901682 0.10349288486416558 0.04560155239327301 0.08538163001293661
3 0.6413324708926262 0.15847347994825356 0.04657179818887443 0.06338939197930143
2 0.6141655886157829 0.23673997412677877 0.06015523932729629 0.07244501940491588
0 0.6209573091849936 0.3266494178525226 0.06209573091849926 0.08150064683053042
0 0.40701811125485127 0.6274256144890039 0.065006468305304 0.09831824062095727
0 0.2173350582147478 0.6203104786545925 0.07179818887451489 0.08150064683053053
0 0.23673997412677886 0.4003880983182407 0.0679172056921087 0.07373868046571794
0 0.1246765847347995 0.2768434670116429 0.08635187580853816 0.06985769728331177
0 0.2750646830530401 0.11836998706338939 0.07858990944372575 0.08408796895213454
0 0.3104786545924968 0.24385510996119017 0.07761966364812416 0.0582147477360931
0 0.7189521345407505 0.21345407503234157 0.06791720569210867 0.08538163001293665
0 0.6646183699870635 0.5161707632600259 0.07567917205692104 0.09831824062095727
1 0.1819210866752911 0.49870633893919797 0.07082794307891337 0.073738680465718
1 0.5069534282018112 0.5265200517464425 0.0436610608020699 0.05433376455368695
1 0.6689844760672705 0.3531694695989651 0.05336351875808532 0.05692108667529105
1 0.1940491591203105 0.30465717981888746 0.040750323415265195 0.08408796895213452
3 0.31484476067270384 0.05174644243208279 0.05336351875808539 0.06727037516170763
3 0.1639715394566624 0.21410090556274256 0.06403622250970248 0.05304010349288486
2 0.20569210866752916 0.17335058214747737 0.06985769728331177 0.09831824062095729
3 0.2566300129366106 0.2664941785252264 0.05142302716688226 0.062095730918499355
3 0.28525226390685654 0.34476067270375155 0.05821474773609315 0.06080206985769729
3 0.19016817593790428 0.5944372574385511 0.042690815006468305 0.04786545924967655
3 0.3381306597671411 0.6461836998706338 0.0494825355756792 0.06856403622250959
3 0.554980595084088 0.4650711513583441 0.050452781371280724 0.06856403622250966
3 0.6665588615782666 0.43661060802069857 0.04463130659767131 0.05562742561448907
3 0.7364165588615783 0.16752910737386806 0.06015523932729622 0.05304010349288486
2 0.6976067270375162 0.27878395860284605 0.07179818887451489 0.060802069857697275
2 0.45941138421733513 0.591849935316947 0.047542043984476055 0.08926261319534291
2 0.2779754204398448 0.6313065976714101 0.05530401034928847 0.09055627425614489
2 0.32842820181112553 0.2910737386804657 0.07664941785252263 0.06727037516170768
2 0.14165588615782668 0.3292367399741268 0.08344113842173352 0.07632600258732211
2 0.2022962483829237 0.444372574385511 0.08635187580853819 0.07891332470892622
